Profile Data:
Time                    	UTC Time               	P                  	T   	 	Hu 	Ws   	Wd 	Geopot	Dewp.
[sec]                   	[HH:mm:ss]             	[hPa]              	[°C]	 	[%]	[m/s]	[°]	[m]   	[°C]
0                       	20:55:49               	989.0              	37.7	 	21 	2.0  	010	195   	11.6
1                       	20:55:50               	988.0              	35.5	 	22 	2.4  	284	208   	10.4
2                       	20:55:51               	987.0              	33.2	 	23 	2.4  	284	220   	9.2
3                       	20:55:52               	985.9              	32.7	 	24 	2.4  	284	233   	9.3
4                       	20:55:53               	984.9              	32.6	 	25 	2.4  	284	246   	9.8
5                       	20:55:54               	983.9              	32.6	 	25 	2.4  	284	258   	10.3
6                       	20:55:55               	982.9              	32.6	 	26 	2.4  	284	271   	10.8
7                       	20:55:56               	981.8              	32.6	 	27 	2.4  	284	284   	11.3
8                       	20:55:57               	980.8              	32.5	 	28 	2.8  	294	296   	11.7
9                       	20:55:58               	979.8              	32.4	 	29 	3.0  	297	309   	12.1
10                      	20:55:59               	978.8              	32.4	 	30 	3.1  	299	321   	12.6
11                      	20:56:00               	977.8              	32.4	 	31 	3.1  	300	333   	13.0
12                      	20:56:01               	976.7              	32.4	 	30 	3.2  	300	335   	12.8
13                      	20:56:02               	975.7              	32.4	 	30 	3.2  	301	338   	12.5
14                      	20:56:03               	974.7              	32.4	 	29 	3.2  	301	340   	12.2
15                      	20:56:04               	973.7              	32.3	 	29 	3.3  	301	343   	11.9
16                      	20:56:05               	972.7              	32.3	 	28 	3.4  	303	346   	11.6
17                      	20:56:06               	972.4              	32.3	 	28 	3.4  	303	348   	11.5
18                      	20:56:07               	972.2              	32.3	 	28 	3.5  	302	351   	11.4
19                      	20:56:08               	971.9              	32.3	 	28 	3.7  	299	353   	11.3
20                      	20:56:09               	971.7              	32.3	 	28 	3.9  	298	355   	11.3
21                      	20:56:10               	971.5              	32.3	 	28 	4.0  	297	357   	11.2
22                      	20:56:11               	971.2              	32.2	 	28 	4.1  	296	359   	11.2
23                      	20:56:12               	971.0              	32.2	 	27 	4.2  	296	360   	11.1
24                      	20:56:13               	970.8              	32.1	 	28 	4.2  	295	362   	11.1
25                      	20:56:14               	970.6              	32.1	 	28 	4.3  	295	364   	11.0
26                      	20:56:15               	970.4              	32.0	 	28 	4.3  	295	366   	11.0
27                      	20:56:16               	970.2              	32.0	 	28 	4.3  	295	368   	11.2
28                      	20:56:17               	970.0              	32.0	 	28 	4.4  	294	370   	11.0
29                      	20:56:18               	969.8              	31.9	 	28 	4.6  	292	372   	11.0
30                      	20:56:19               	969.6              	31.9	 	28 	4.6  	292	374   	11.0
31                      	20:56:20               	969.4              	31.9	 	28 	4.6  	292	376   	11.0
32                      	20:56:21               	969.3              	32.0	 	28 	4.6  	292	377   	11.1
33                      	20:56:22               	969.1              	32.0	 	28 	4.6  	292	379   	11.1
34                      	20:56:23               	968.9              	32.0	 	28 	4.6  	292	380   	11.1
35                      	20:56:24               	968.7              	32.0	 	28 	4.5  	292	382   	11.1
36                      	20:56:25               	968.6              	31.9	 	28 	4.5  	292	383   	11.0
37                      	20:56:26               	968.4              	31.9	 	28 	4.5  	292	385   	11.0
38                      	20:56:27               	968.3              	31.8	 	28 	4.5  	292	386   	10.9
39                      	20:56:28               	968.1              	31.7	 	28 	4.5  	291	387   	10.9
40                      	20:56:29               	968.0              	31.7	 	28 	4.5  	291	389   	10.9
41                      	20:56:30               	967.9              	31.7	 	28 	4.4  	291	390   	10.7
42                      	20:56:31               	967.7              	31.7	 	28 	4.4  	291	391   	10.9
43                      	20:56:32               	967.6              	31.7	 	28 	4.4  	291	392   	10.9
44                      	20:56:33               	967.5              	31.7	 	28 	4.4  	291	394   	11.0
45                      	20:56:34               	967.3              	31.7	 	28 	4.4  	291	395   	11.0
46                      	20:56:35               	967.2              	31.7	 	28 	4.4  	291	396   	11.0
47                      	20:56:36               	967.0              	31.7	 	28 	4.4  	291	397   	10.9
48                      	20:56:37               	966.8              	31.6	 	28 	4.3  	291	399   	10.9
49                      	20:56:38               	966.6              	31.5	 	28 	4.2  	292	401   	10.9
50                      	20:56:39               	966.5              	31.5	 	28 	4.1  	292	403   	11.0
51                      	20:56:40               	966.3              	31.5	 	28 	4.0  	293	405   	11.0
52                      	20:56:41               	966.1              	31.5	 	28 	3.9  	293	406   	11.0
53                      	20:56:42               	965.9              	31.5	 	28 	3.8  	294	408   	11.0
54                      	20:56:43               	965.7              	31.5	 	28 	3.7  	294	410   	11.0
55                      	20:56:44               	965.5              	31.5	 	28 	3.6  	295	412   	11.0
56                      	20:56:45               	965.3              	31.5	 	28 	3.6  	297	413   	11.0
57                      	20:56:46               	965.1              	31.6	 	28 	3.5  	297	415   	11.0
58                      	20:56:47               	965.0              	31.6	 	28 	3.4  	298	417   	11.1
59                      	20:56:48               	964.8              	31.6	 	28 	3.3  	299	419   	11.1
60                      	20:56:49               	964.6              	31.6	 	28 	3.3  	300	420   	11.1
61                      	20:56:50               	964.4              	31.5	 	28 	3.1  	302	422   	11.0
62                      	20:56:51               	964.2              	31.5	 	28 	3.1  	303	424   	10.9
63                      	20:56:52               	964.0              	31.5	 	28 	3.0  	304	426   	10.9
64                      	20:56:53               	963.8              	31.5	 	28 	2.8  	305	427   	10.9
65                      	20:56:54               	963.7              	31.5	 	28 	2.8  	307	429   	10.8
66                      	20:56:55               	963.5              	31.5	 	28 	2.6  	309	430   	10.8
67                      	20:56:56               	963.3              	31.5	 	28 	2.6  	310	432   	10.8
68                      	20:56:57               	963.2              	31.5	 	28 	2.5  	309	434   	10.8
69                      	20:56:58               	963.0              	31.5	 	28 	2.5  	310	435   	10.8
70                      	20:56:59               	962.8              	31.5	 	28 	2.4  	311	437   	10.7
71                      	20:57:00               	962.7              	31.5	 	28 	2.4  	311	438   	10.7
72                      	20:57:01               	962.5              	31.5	 	28 	2.4  	311	440   	10.8
73                      	20:57:02               	962.3              	31.4	 	28 	2.4  	311	441   	10.8
74                      	20:57:03               	962.1              	31.4	 	28 	2.3  	310	443   	10.9
75                      	20:57:04               	962.0              	31.4	 	28 	2.3  	310	445   	11.0
76                      	20:57:05               	961.8              	31.4	 	29 	2.3  	309	446   	11.0
77                      	20:57:06               	961.7              	31.4	 	29 	2.3  	308	448   	11.0
78                      	20:57:07               	961.5              	31.4	 	29 	2.3  	308	449   	11.0
79                      	20:57:08               	961.3              	31.4	 	28 	2.2  	307	451   	10.9
80                      	20:57:09               	961.2              	31.4	 	28 	2.2  	307	452   	10.7
81                      	20:57:10               	961.0              	31.3	 	28 	2.2  	307	454   	10.6
82                      	20:57:11               	960.9              	31.2	 	28 	2.3  	305	455   	10.4
83                      	20:57:12               	960.7              	31.2	 	28 	2.3  	305	456   	10.5
84                      	20:57:13               	960.5              	31.2	 	28 	2.3  	304	458   	10.6
85                      	20:57:14               	960.4              	31.2	 	28 	2.3  	302	459   	10.6
Tropopauses:
1. Tropopause: ----     	                       	2. Tropopause: ----
                        	                       	                   	    	 	
                        	                       	                   	    	 	
                        	                       	                   	    	 	
                        	                       	                   	    	 	
Reason of Stop Sounding:
TU                      	Terminated by User (TU)
                        	                       	                   	    	-
Page 1 of 1
