Profile Data:
Time                    	UTC Time               	P                  	T   	 	Hu 	Ws   	Wd 	Geopot	Dewp.
[sec]                   	[HH:mm:ss]             	[hPa]              	[°C]	 	[%]	[m/s]	[°]	[m]   	[°C]
0                       	23:22:22               	987.0              	32.6	 	23 	3.0  	001	195   	8.8
1                       	23:22:23               	986.4              	34.8	 	23 	3.1  	294	202   	10.6
2                       	23:22:24               	985.8              	37.0	 	23 	3.1  	294	209   	12.5
3                       	23:22:25               	985.2              	37.3	 	23 	3.1  	294	216   	12.8
4                       	23:22:26               	984.7              	37.3	 	23 	3.1  	294	223   	12.7
5                       	23:22:27               	984.1              	37.2	 	23 	3.1  	294	230   	12.7
6                       	23:22:28               	983.5              	37.2	 	23 	3.1  	294	237   	12.7
7                       	23:22:29               	982.9              	37.2	 	23 	4.0  	296	244   	12.7
8                       	23:22:30               	982.3              	37.2	 	23 	4.0  	296	251   	12.7
9                       	23:22:31               	981.7              	37.0	 	23 	4.0  	296	256   	12.6
10                      	23:22:32               	981.1              	36.8	 	23 	4.0  	296	260   	12.5
11                      	23:22:33               	980.5              	36.7	 	23 	4.0  	296	263   	12.3
12                      	23:22:34               	980.0              	36.6	 	23 	4.0  	296	266   	12.0
13                      	23:22:35               	979.4              	36.5	 	22 	4.0  	296	270   	11.7
14                      	23:22:36               	978.8              	36.4	 	22 	4.0  	296	273   	11.3
15                      	23:22:37               	978.2              	36.1	 	22 	4.0  	296	277   	10.8
16                      	23:22:38               	977.6              	36.0	 	21 	4.0  	296	281   	10.5
17                      	23:22:39               	977.2              	36.1	 	21 	4.0  	296	285   	10.5
18                      	23:22:40               	976.8              	36.3	 	21 	4.0  	296	289   	10.5
19                      	23:22:41               	976.4              	36.3	 	21 	3.9  	296	293   	10.4
20                      	23:22:42               	976.0              	36.2	 	21 	3.9  	295	297   	10.3
21                      	23:22:43               	975.6              	36.2	 	21 	3.9  	295	300   	10.3
22                      	23:22:44               	975.2              	36.2	 	21 	3.9  	295	304   	10.3
23                      	23:22:45               	974.8              	36.2	 	21 	3.8  	295	308   	10.4
24                      	23:22:46               	974.4              	36.2	 	21 	3.8  	295	311   	10.3
25                      	23:22:47               	973.9              	36.1	 	21 	3.8  	295	315   	10.2
26                      	23:22:48               	973.5              	36.0	 	21 	3.8  	295	319   	10.1
27                      	23:22:49               	973.1              	36.0	 	21 	3.8  	295	323   	10.2
28                      	23:22:50               	972.7              	36.0	 	21 	3.8  	295	327   	10.3
29                      	23:22:51               	972.3              	36.1	 	21 	3.8  	294	331   	10.3
30                      	23:22:52               	971.8              	36.0	 	21 	3.8  	294	335   	10.3
31                      	23:22:53               	971.4              	35.9	 	21 	3.8  	294	339   	10.2
32                      	23:22:54               	971.0              	35.8	 	21 	3.8  	294	343   	10.1
33                      	23:22:55               	970.5              	35.7	 	21 	3.8  	294	347   	10.0
34                      	23:22:56               	970.1              	35.7	 	21 	3.8  	294	352   	10.0
35                      	23:22:57               	969.6              	35.6	 	21 	3.8  	294	356   	10.0
36                      	23:22:58               	969.2              	35.6	 	21 	3.8  	294	360   	10.0
37                      	23:22:59               	968.7              	35.5	 	21 	3.8  	294	364   	10.0
38                      	23:23:00               	968.3              	35.5	 	21 	3.8  	294	369   	10.0
39                      	23:23:01               	967.8              	35.5	 	21 	3.8  	294	373   	10.0
40                      	23:23:02               	967.4              	35.5	 	21 	3.8  	294	377   	10.2
41                      	23:23:03               	966.9              	35.5	 	22 	3.8  	294	382   	10.2
42                      	23:23:04               	966.4              	35.5	 	22 	3.8  	294	386   	10.2
43                      	23:23:05               	965.9              	35.4	 	22 	3.8  	294	390   	10.1
44                      	23:23:06               	965.4              	35.3	 	22 	3.7  	294	395   	10.0
45                      	23:23:07               	964.9              	35.2	 	22 	3.7  	295	400   	10.0
46                      	23:23:08               	964.5              	35.2	 	22 	3.7  	296	404   	10.0
47                      	23:23:09               	963.9              	35.2	 	22 	3.6  	296	409   	10.1
48                      	23:23:10               	963.4              	35.1	 	22 	3.6  	297	414   	10.1
49                      	23:23:11               	962.9              	35.0	 	22 	3.5  	297	419   	10.0
50                      	23:23:12               	962.3              	34.9	 	22 	3.5  	297	424   	10.0
51                      	23:23:13               	961.8              	34.9	 	22 	3.5  	298	429   	9.9
52                      	23:23:14               	961.3              	34.8	 	22 	3.4  	299	434   	9.9
53                      	23:23:15               	960.7              	34.8	 	22 	3.4  	299	439   	9.9
54                      	23:23:16               	960.2              	34.7	 	22 	3.3  	300	445   	9.9
55                      	23:23:17               	959.6              	34.7	 	22 	3.2  	301	450   	10.0
56                      	23:23:18               	959.1              	34.7	 	22 	3.2  	302	455   	10.0
57                      	23:23:19               	958.5              	34.7	 	22 	3.2  	302	460   	10.1
58                      	23:23:20               	957.9              	34.7	 	22 	3.2  	302	466   	10.0
59                      	23:23:21               	957.4              	34.7	 	22 	3.2  	302	471   	10.0
60                      	23:23:22               	956.9              	34.6	 	22 	3.2  	302	476   	10.0
61                      	23:23:23               	956.3              	34.4	 	22 	3.1  	303	481   	9.9
62                      	23:23:24               	955.8              	34.3	 	22 	3.1  	303	486   	9.7
63                      	23:23:25               	955.3              	34.1	 	22 	3.1  	303	491   	9.6
64                      	23:23:26               	954.7              	34.0	 	22 	3.1  	303	496   	9.6
65                      	23:23:27               	954.2              	34.0	 	23 	3.1  	302	502   	9.6
66                      	23:23:28               	953.6              	33.9	 	23 	3.1  	302	507   	9.6
67                      	23:23:29               	953.0              	33.8	 	23 	3.2  	301	513   	9.6
68                      	23:23:30               	952.4              	33.8	 	23 	3.2  	301	518   	9.6
69                      	23:23:31               	951.8              	33.7	 	23 	3.2  	301	524   	9.6
70                      	23:23:32               	951.2              	33.6	 	23 	3.2  	299	529   	9.6
71                      	23:23:33               	950.8              	33.6	 	23 	3.3  	299	534   	9.6
72                      	23:23:34               	950.3              	33.6	 	23 	3.4  	297	538   	9.7
73                      	23:23:35               	949.9              	33.6	 	24 	3.4  	297	543   	9.9
74                      	23:23:36               	949.4              	33.6	 	23 	3.4  	296	547   	9.9
75                      	23:23:37               	948.9              	33.6	 	23 	3.5  	295	552   	9.9
76                      	23:23:38               	948.5              	33.6	 	23 	3.5  	294	556   	9.9
77                      	23:23:39               	948.1              	33.6	 	23 	3.5  	293	559   	9.8
78                      	23:23:40               	947.7              	33.6	 	23 	3.6  	293	562   	9.8
79                      	23:23:41               	947.4              	33.6	 	23 	3.6  	293	565   	9.8
80                      	23:23:42               	947.0              	33.5	 	23 	3.6  	292	569   	9.7
81                      	23:23:43               	946.7              	33.4	 	23 	3.6  	292	572   	9.6
82                      	23:23:44               	946.3              	33.4	 	23 	3.6  	292	576   	9.6
83                      	23:23:45               	945.8              	33.3	 	23 	3.7  	290	580   	9.6
84                      	23:23:46               	945.4              	33.3	 	24 	3.7  	290	584   	9.8
85                      	23:23:47               	945.0              	33.3	 	24 	3.7  	289	588   	9.9
86                      	23:23:48               	944.5              	33.2	 	24 	3.7  	288	593   	9.8
87                      	23:23:49               	944.1              	33.1	 	24 	3.7  	287	597   	9.7
88                      	23:23:50               	943.6              	33.0	 	24 	3.7  	286	602   	9.6
89                      	23:23:51               	943.1              	32.9	 	24 	3.7  	284	607   	9.5
90                      	23:23:52               	942.6              	32.7	 	24 	3.7  	284	611   	9.4
91                      	23:23:53               	942.1              	32.6	 	24 	3.7  	284	616   	9.4
92                      	23:23:54               	941.6              	32.5	 	24 	3.7  	283	621   	9.4
93                      	23:23:55               	941.1              	32.4	 	24 	3.7  	282	626   	9.4
94                      	23:23:56               	940.6              	32.4	 	24 	3.7  	282	631   	9.4
95                      	23:23:57               	940.0              	32.3	 	25 	3.7  	281	636   	9.5
96                      	23:23:58               	939.5              	32.2	 	25 	3.6  	281	641   	9.5
97                      	23:23:59               	939.0              	32.2	 	25 	3.5  	280	645   	9.5
98                      	23:24:00               	938.5              	32.1	 	25 	3.4  	280	650   	9.4
99                      	23:24:01               	938.0              	32.1	 	25 	3.3  	280	656   	9.4
100                     	23:24:02               	937.4              	32.1	 	25 	3.2  	279	661   	9.4
101                     	23:24:03               	936.9              	32.0	 	25 	3.1  	279	666   	9.4
102                     	23:24:04               	936.4              	32.0	 	25 	3.0  	278	671   	9.4
103                     	23:24:05               	936.0              	32.0	 	25 	2.9  	278	676   	9.4
104                     	23:24:06               	935.5              	32.0	 	25 	2.8  	278	680   	9.4
105                     	23:24:07               	935.0              	31.9	 	25 	2.7  	279	685   	9.4
106                     	23:24:08               	934.5              	31.9	 	25 	2.6  	279	689   	9.4
107                     	23:24:09               	934.1              	31.9	 	25 	2.5  	279	693   	9.5
108                     	23:24:10               	933.6              	31.9	 	25 	2.4  	279	698   	9.4
109                     	23:24:11               	933.2              	31.9	 	25 	2.3  	280	702   	9.4
110                     	23:24:12               	932.7              	31.9	 	25 	2.2  	281	706   	9.4
111                     	23:24:13               	932.3              	31.8	 	25 	2.1  	281	710   	9.4
112                     	23:24:14               	931.8              	31.8	 	25 	2.0  	282	715   	9.4
113                     	23:24:15               	931.4              	31.8	 	25 	1.9  	284	719   	9.4
114                     	23:24:16               	931.0              	31.7	 	25 	1.8  	285	723   	9.4
115                     	23:24:17               	930.6              	31.6	 	25 	1.7  	286	727   	9.3
116                     	23:24:18               	930.2              	31.6	 	25 	1.7  	286	731   	9.2
117                     	23:24:19               	929.7              	31.5	 	25 	1.7  	288	735   	9.3
118                     	23:24:20               	929.3              	31.5	 	25 	1.7  	288	739   	9.3
119                     	23:24:21               	929.0              	31.5	 	26 	1.7  	288	743   	9.4
120                     	23:24:22               	928.6              	31.5	 	26 	1.7  	290	746   	9.5
121                     	23:24:23               	928.2              	31.5	 	26 	1.7  	290	750   	9.4
122                     	23:24:24               	927.9              	31.5	 	26 	1.6  	290	753   	9.4
123                     	23:24:25               	927.5              	31.4	 	25 	1.6  	290	756   	9.2
124                     	23:24:26               	927.2              	31.3	 	25 	1.7  	292	760   	9.2
125                     	23:24:27               	926.7              	31.2	 	26 	1.7  	292	763   	9.2
126                     	23:24:28               	926.3              	31.1	 	26 	1.6  	292	766   	9.1
127                     	23:24:29               	925.9              	31.0	 	26 	1.6  	292	771   	9.1
128                     	23:24:30               	925.5              	30.9	 	26 	1.6  	292	775   	9.0
129                     	23:24:31               	925.1              	30.9	 	26 	1.6  	292	779   	9.1
130                     	23:24:32               	924.7              	30.8	 	26 	1.6  	292	783   	9.2
131                     	23:24:33               	924.2              	30.8	 	26 	1.6  	292	788   	9.2
132                     	23:24:34               	923.7              	30.7	 	26 	1.6  	292	792   	9.2
133                     	23:24:35               	923.2              	30.6	 	26 	1.6  	291	797   	9.2
134                     	23:24:36               	922.7              	30.5	 	26 	1.5  	291	802   	9.1
135                     	23:24:37               	922.2              	30.4	 	27 	1.6  	292	807   	9.1
136                     	23:24:38               	921.7              	30.4	 	27 	1.7  	292	812   	9.1
137                     	23:24:39               	921.2              	30.3	 	27 	1.8  	292	817   	9.1
138                     	23:24:40               	920.7              	30.3	 	27 	1.8  	292	822   	9.1
139                     	23:24:41               	920.2              	30.3	 	27 	1.9  	292	827   	9.1
140                     	23:24:42               	919.7              	30.2	 	27 	1.9  	292	832   	9.1
141                     	23:24:43               	919.1              	30.2	 	27 	2.0  	293	837   	9.2
142                     	23:24:44               	918.6              	30.2	 	27 	2.1  	292	842   	9.1
143                     	23:24:45               	918.1              	30.1	 	27 	2.2  	292	848   	9.1
144                     	23:24:46               	917.5              	30.1	 	27 	2.2  	293	853   	9.1
145                     	23:24:47               	916.9              	30.0	 	27 	2.3  	292	859   	9.1
146                     	23:24:48               	916.4              	29.9	 	27 	2.4  	293	864   	9.1
147                     	23:24:49               	915.8              	29.9	 	27 	2.5  	293	870   	9.1
148                     	23:24:50               	915.3              	29.8	 	28 	2.5  	293	875   	9.1
149                     	23:24:51               	914.7              	29.8	 	28 	2.6  	293	880   	9.1
150                     	23:24:52               	914.2              	29.8	 	28 	2.6  	294	885   	9.1
151                     	23:24:53               	913.7              	29.7	 	27 	2.6  	294	891   	9.0
152                     	23:24:54               	913.1              	29.7	 	27 	2.7  	295	896   	8.9
153                     	23:24:55               	912.6              	29.6	 	27 	2.8  	294	901   	8.9
154                     	23:24:56               	912.1              	29.6	 	27 	2.8  	295	906   	8.8
155                     	23:24:57               	911.5              	29.5	 	28 	2.8  	295	911   	8.9
156                     	23:24:58               	911.0              	29.5	 	28 	2.8  	295	917   	8.9
157                     	23:24:59               	910.4              	29.4	 	28 	2.7  	296	922   	8.9
158                     	23:25:00               	909.9              	29.4	 	27 	2.7  	296	927   	8.7
159                     	23:25:01               	909.3              	29.3	 	28 	2.7  	296	933   	8.7
160                     	23:25:02               	908.8              	29.3	 	28 	2.6  	297	938   	8.7
161                     	23:25:03               	908.2              	29.3	 	28 	2.6  	297	944   	8.7
162                     	23:25:04               	907.6              	29.2	 	28 	2.6  	298	950   	8.7
163                     	23:25:05               	907.1              	29.2	 	28 	2.6  	299	955   	8.7
164                     	23:25:06               	906.5              	29.1	 	28 	2.6  	300	961   	8.7
165                     	23:25:07               	905.9              	29.1	 	28 	2.6  	301	967   	8.7
166                     	23:25:08               	905.3              	29.0	 	28 	2.6  	302	972   	8.6
167                     	23:25:09               	904.8              	28.9	 	28 	2.6  	303	978   	8.6
168                     	23:25:10               	904.2              	28.9	 	28 	2.7  	304	983   	8.6
169                     	23:25:11               	903.7              	28.8	 	28 	2.7  	304	989   	8.6
170                     	23:25:12               	903.1              	28.8	 	28 	2.7  	305	994   	8.6
171                     	23:25:13               	902.6              	28.7	 	28 	2.7  	306	999   	8.6
172                     	23:25:14               	902.0              	28.7	 	28 	2.8  	307	1004  	8.6
173                     	23:25:15               	901.6              	28.6	 	29 	2.8  	308	1009  	8.6
174                     	23:25:16               	901.1              	28.6	 	29 	2.9  	308	1014  	8.7
175                     	23:25:17               	900.6              	28.5	 	29 	2.9  	308	1019  	8.6
176                     	23:25:18               	900.1              	28.5	 	29 	3.0  	308	1024  	8.5
177                     	23:25:19               	899.6              	28.4	 	28 	3.1  	310	1029  	8.4
178                     	23:25:20               	899.1              	28.4	 	28 	3.1  	310	1034  	8.2
179                     	23:25:21               	898.6              	28.4	 	28 	3.2  	310	1039  	8.1
180                     	23:25:22               	898.1              	28.4	 	28 	3.3  	310	1044  	8.3
181                     	23:25:23               	897.5              	28.4	 	29 	3.3  	311	1049  	8.5
182                     	23:25:24               	897.0              	28.3	 	29 	3.4  	310	1054  	8.6
183                     	23:25:25               	896.5              	28.3	 	29 	3.4  	310	1059  	8.6
184                     	23:25:26               	896.0              	28.3	 	29 	3.4  	310	1064  	8.6
185                     	23:25:27               	895.6              	28.2	 	29 	3.5  	310	1068  	8.7
186                     	23:25:28               	895.1              	28.2	 	29 	3.5  	310	1073  	8.6
187                     	23:25:29               	894.6              	28.1	 	29 	3.4  	309	1078  	8.4
188                     	23:25:30               	894.1              	28.0	 	29 	3.4  	309	1083  	8.3
189                     	23:25:31               	893.6              	27.9	 	29 	3.3  	308	1088  	8.3
190                     	23:25:32               	893.1              	27.8	 	30 	3.3  	307	1093  	8.4
191                     	23:25:33               	892.6              	27.7	 	29 	3.2  	307	1097  	8.3
192                     	23:25:34               	892.2              	27.7	 	30 	3.2  	307	1102  	8.4
193                     	23:25:35               	891.7              	27.6	 	30 	3.1  	306	1107  	8.5
194                     	23:25:36               	891.3              	27.6	 	30 	3.1  	306	1111  	8.5
195                     	23:25:37               	890.8              	27.5	 	30 	3.0  	306	1115  	8.4
196                     	23:25:38               	890.4              	27.5	 	30 	2.9  	305	1120  	8.4
197                     	23:25:39               	890.0              	27.5	 	30 	2.9  	304	1124  	8.4
198                     	23:25:40               	889.6              	27.4	 	30 	2.8  	303	1128  	8.3
199                     	23:25:41               	889.2              	27.4	 	30 	2.6  	303	1132  	8.3
200                     	23:25:42               	888.8              	27.3	 	30 	2.6  	303	1136  	8.3
201                     	23:25:43               	888.4              	27.3	 	30 	2.5  	304	1140  	8.3
202                     	23:25:44               	888.0              	27.2	 	30 	2.4  	304	1143  	8.2
203                     	23:25:45               	887.6              	27.2	 	30 	2.3  	304	1147  	8.2
204                     	23:25:46               	887.3              	27.2	 	31 	2.2  	304	1151  	8.4
Tropopauses:
1. Tropopause: ----     	                       	2. Tropopause: ----
                        	                       	                   	    	 	
                        	                       	                   	    	 	
                        	                       	                   	    	 	
                        	                       	                   	    	 	
Reason of Stop Sounding:
TU                      	Terminated by User (TU)
                        	                       	                   	    	-
Page 1 of 1
